56.45745598177983 543.4788599642721 537.7599772649646 318.6879700064321 213.48318328361924 
448.22113777243396 162.45846404110728 129.75804473193 35.32200612627288 187.88342645272846 
99.06456654374236 522.0422043186895 384.4047737370682 218.7529868700799 139.47092588261347 
145.13922391252368 362.6124109574739 369.54843266559556 225.24773386412895 252.49048500976068 
302.4919980708884 117.33731626735495 104.8928031400703 45.18697959422946 448.93921461295093 
142.00604918664862 317.09474035990735 598.6254962661233 39.940739759218886 605.375716225692 
283.60308873039986 293.1076429836683 444.97052598531116 151.05772990797087 245.29914768879982 
219.47543479927177 569.6336324716763 371.1429071089846 125.06126903810822 380.8773828430237 
485.15139636728475 235.8178829061058 551.0182254919921 61.758593888156305 591.281498744303 
532.0023855107937 23.784661084189402 285.16874075541324 571.2671191004467 107.10138117919554 
361.27210763129614 429.48176604845406 147.4083820835482 63.96567107890257 304.6694649450567 
425.62082631972464 195.8502500619016 403.15470313873357 519.186719555694 305.8824151548412 
529.1804541352292 158.59544460986675 173.1555090697575 425.453364499898 405.4312193488257 
222.7309308436979 229.08045444552096 427.7144973168585 172.0785957527966 407.252349425789 
530.2348449576665 574.4245012513356 203.63295884396487 435.50839587069174 116.39460260463586 
211.87815849613892 41.414763723614016 312.6855677920311 152.30404367515908 294.1322377843409 
194.1089868685399 469.8532097485546 602.4674938674441 234.393107699319 207.6921118608104 
427.9671232020289 535.8601808002221 505.65973933374187 563.3255176568024 277.92537050340695 
94.15243795739106 361.7157506832547 511.8088172868762 422.77002028792043 507.04071990137277 
599.5643709132075 303.18712626566355 578.1287984716495 488.2793957417019 434.4000528801013 
220.10572366771066 376.9900301320067 96.00695927476056 508.21039299902793 373.5062326699479 
474.90499292687934 490.96038585271486 203.1022343602718 569.2576538756251 201.71122379705946 
176.1714308597582 380.4455719532176 304.3163558694422 555.8704838643098 451.7386579682476 
616.9291224896851 301.0085574841912 487.5153926562716 568.2688445313415 558.6213252063297 
538.029115655995 366.2980744723449 412.5816193399506 164.13029192140968 86.75037239552846 
280.13504706881776 509.2709666895653 357.9568348237725 611.4348792226567 160.94169100702646 
71.71751009929974 365.1339427478674 541.9455782482892 483.45029291436083 586.1451157514015 
148.2467673574108 77.54735212819963 33.20523793035733 362.31579604878993 317.9265928095224 
130.39361594992732 589.8293669394385 434.4564578292232 437.91280114812946 67.29173363740655 
321.65489057825863 346.0113728156441 395.77638299437695 458.34096322687776 437.81297843722336 
