86.99973579539055 242.63799140877617 468.19202014909234 24.26413176596164 494.94032851980705 
388.4631163434244 288.6234314097999 487.50056239360924 408.7361570578431 77.23135985541273 
301.02437828555975 194.47140462385659 99.36101502862182 208.19872185978187 187.87276612747965 
463.837542431819 496.7211899719882 252.08570451599763 87.46187708541608 111.57834292395307 
182.0494666641546 18.137077473264643 403.3262172708091 322.4367914347144 124.22608783078047 
372.6282639310449 467.9458991401186 98.7877835848998 161.979845133288 442.02126567385733 
125.18272918069489 382.63262377723663 358.9224528151167 458.97350903807774 420.90110578833634 
71.422855973228 483.3692390479788 34.40251879394533 216.22683408843395 273.41658426023423 
489.8994153982373 263.8095895589479 162.89710042569504 273.2703680746075 504.6089259258543 
201.06571562836962 105.1544785810569 303.56985331514863 441.00902830261475 357.86272159646614 
97.63839298000897 343.002272641478 498.5238059024573 12.032858379340807 353.7269444785452 
286.8738607075897 420.5396477666197 232.93985544176047 63.78233400116117 460.67538840569756 
13.95986931939718 157.1447497183395 147.75293490343853 72.39896245347876 57.217581517737415 
172.54936654733126 131.58524560834144 324.3090820582771 348.6999105299551 294.2207991844873 
461.898702608252 29.87125917885613 272.536776209627 140.09991495212586 198.37666361296485 
206.54117549180972 383.7072457782743 39.79693284235657 148.3264254516699 240.11756709922372 
139.4166598070219 434.677417279277 132.86171689430265 341.36197772275835 28.697647493680414 
352.4416024739285 199.16054217616275 140.58845593674573 477.18810539085894 364.4002095376022 
218.2516030496328 390.9263781636662 29.039364614974406 58.65001723927948 432.78241729076757 
375.9594618087263 432.90752755950786 187.35215858299424 144.22223855000587 242.44413908103112 
383.9812624723081 271.3163482115453 353.9529364529687 103.81041175742905 298.99905554674535 
70.09411339518462 297.7009381153051 385.1482717548443 126.2090934025149 450.7842224358395 
437.76334154877543 505.38286364652885 317.2249134416355 313.75334971788124 102.48135800188916 
117.341514966245 212.7299092737655 358.47521221419134 87.41417508583382 251.41568005064667 
218.9838547734129 97.69116824976442 157.66643870720637 333.5210312972912 277.0845749413563 
153.09552450747003 15.822322723703754 173.05872496209795 251.9377892971113 490.7486277598885 
424.93954453176644 141.58108654955598 492.88843106340386 379.4207898714579 301.0561800183326 
387.8646795895626 442.96642689129175 480.07037959987747 214.66369941563178 60.09401403006508 
298.70007274883216 99.65893975120015 365.5990067106602 130.85899587512944 347.45018816232187 
267.5066892945905 220.80896002762083 45.66916195606085 234.21819560888017 417.3913174199549 
